sample	species	group	ROH	FROH	DP4	nRefHom	nNonRefHom	nHets	het	nTransitions	nTransversions	depth	nSingletons	nMissing	high_hom	high_het	high_total	moderate_hom	moderate_het	moderate_total	cadd_01_hom	cadd_01_het	cadd_01_total	cadd_05_hom	cadd_05_het	cadd_10_hom	cadd_10_het	cadd_25_hom	cadd_25_het
CanK_C5971	Canary	none	40402511	0.036741663	821016872	24648696	3499064	2459967	0.002996244	4253110	1705921	19.92699093	54546	756144	7.09E-05	4.47E-05	0.000186586	0.003081943	0.00128729	0.007451177	0.000332857	0.000621918	0.001287633	0.008514142	0.015828246	0.026759984	0.051006018	0.099375454	0.181179542
CanK_C5973	Canary	none	7565896	0.006880354	878052844	24923758	3277087	2847763	0.003243271	4371991	1752859	23.95292242	33713	315263	6.95E-05	4.71E-05	0.000186096	0.002945435	0.001430803	0.007321672	0.000277584	0.00085066	0.001405827	0.006778417	0.01875929	0.022457422	0.059662601	0.080651516	0.217088415
CanK_C5975	Canary	none	19150860	0.017415612	788448610	24632582	3399570	2628882	0.003334246	4300551	1727901	19.42351864	38450	702837	6.20E-05	4.55E-05	0.000169574	0.002804127	0.001316585	0.006924839	0.000320628	0.000580597	0.001221853	0.007998371	0.016282707	0.025641581	0.051629787	0.094593951	0.192125548
CanK_C5976	Canary	none	3453414	0.003140502	659294355	24269597	2785273	2819831	0.004277044	4023027	1582077	17.25582926	42428	1489170	6.42E-05	5.69E-05	0.000185359	0.002906157	0.001571859	0.007384173	0.000226682	0.000748049	0.001201412	0.005213676	0.019199927	0.016808437	0.064388895	0.06279079	0.247955616
CanK_C5977	Canary	none	8030112	0.007302508	764829313	24051633	3215489	2869630	0.003751987	4348104	1737015	29.06547657	21857	1227119	6.98E-05	5.64E-05	0.000195975	0.003053658	0.00153084	0.007638156	0.000333578	0.000739282	0.001406438	0.007501003	0.018112398	0.0233054	0.057186132	0.08412483	0.208333146
CanK_C5978	Canary	none	4559054	0.004145961	931995582	25044785	3357181	2838194	0.003045287	4418336	1777039	31.02354773	25745	123711	6.97E-05	4.80E-05	0.000187436	0.002958966	0.001365111	0.007283043	0.000283668	0.000653297	0.001220634	0.006876811	0.018661945	0.023037315	0.058874094	0.086699389	0.208135267
GK1	Greater 	none	5668896	0.005155241	875176562	23493052	4456918	1844132	0.002107154	4482213	1818837	19.42361737	9268	1569769	6.94E-05	4.37E-05	0.000182486	0.003009728	0.001240879	0.007260335	0.00053719	0.000716253	0.001790634	0.013533058	0.011900826	0.041949036	0.036418733	0.141212121	0.119655647
GK10	Greater 	none	3465744	0.003151715	746042272	24299788	4531491	1986000	0.002662048	4633648	1883843	22.80343503	6137	546592	7.11E-05	3.91E-05	0.000181228	0.003004538	0.001197818	0.007206893	0.000551501	0.000571678	0.001674681	0.013215859	0.012839224	0.040710226	0.039936779	0.137599623	0.128930289
GK2	Greater 	none	0	0	734843552	23438103	4423348	1896423	0.002580717	4493777	1825994	20.32688217	7036	1605997	6.56E-05	4.92E-05	0.00018046	0.002968276	0.00130095	0.007237503	0.00051977	0.000609864	0.001649405	0.012924956	0.012626954	0.040244084	0.038982775	0.137600532	0.12757243
GK3	Greater 	none	4530347	0.004119855	611830979	22304460	4269188	1828999	0.002989386	4337172	1761015	16.27761815	5850	2961224	7.03E-05	4.79E-05	0.000188445	0.003005134	0.001412408	0.007422675	0.000500377	0.000714824	0.001715579	0.013059842	0.012852542	0.040995179	0.038743482	0.137146207	0.126788401
GK4	Greater 	none	0	0	529453948	21855938	4190390	1781765	0.003365288	4249828	1722327	16.4400358	6308	3535778	7.09E-05	5.10E-05	0.000192844	0.002976729	0.001362527	0.007315984	0.000556807	0.000549481	0.001663095	0.01340733	0.012396286	0.041335605	0.038097331	0.138659633	0.125325567
GK5	Greater 	none	0	0	660185007	23468420	4424238	1965451	0.002977122	4546958	1842731	17.72222923	6010	1505762	7.44E-05	4.07E-05	0.000189633	0.002961672	0.001338458	0.007261803	0.000481354	0.000605131	0.00156784	0.013202863	0.01203386	0.040701952	0.038460216	0.135886345	0.129064866
GK6	Greater 	none	4503429	0.004095376	509064940	21637097	4158306	1767160	0.003471384	4214752	1710714	15.71625855	7590	3801308	6.76E-05	5.03E-05	0.000185473	0.002934874	0.001381513	0.007251261	0.000565254	0.000572595	0.001703102	0.012861359	0.01272188	0.040977228	0.03854003	0.137870535	0.124487968
GK7	Greater 	none	3465744	0.003151715	702287249	23160050	4389013	1904076	0.00271125	4478223	1814866	18.56316105	5295	1910732	6.94E-05	4.73E-05	0.000186136	0.00304679	0.001348903	0.007442484	0.000514355	0.000576912	0.001605622	0.013282871	0.012643403	0.040919027	0.038625282	0.136568209	0.127712962
GK8	Greater 	none		0	647950129	23076581	4365123	1876193	0.002895582	4440805	1800511	17.67304988	6496	2045974	6.96E-05	4.89E-05	0.000188063	0.003022229	0.001319746	0.007364204	0.000499393	0.000647101	0.001645888	0.01304753	0.012984227	0.040922119	0.039058186	0.137375371	0.127028785
GK9	Greater 	none	3468246	0.00315399	542910787	22040456	4224900	1790545	0.003298046	4282214	1733231	17.20593326	7909	3307970	7.15E-05	4.54E-05	0.000188409	0.00302625	0.001423203	0.007475703	0.000487942	0.000706423	0.001682306	0.013327362	0.012475284	0.041343952	0.038372605	0.138910434	0.125007738
LK1	Lesser 	none	3598314	0.003272273	764784706	20702928	5940728	3429302	0.00448401	6727795	2642235	19.74287702	30754	1290913	3.84E-05	0.000106557	0.000183417	0.001328755	0.00328695	0.005944459	0.000540786	0.000401493	0.001483066	0.012880548	0.009869351	0.039915768	0.03310268	0.137294184	0.120705972
LK2	Lesser 	none	0	0	621258035	19967660	5799873	3415066	0.005497017	6616324	2598615	16.49808093	28228	2181272	3.49E-05	9.93E-05	0.000169018	0.00118001	0.003448517	0.005808537	0.000532264	0.000328507	0.001393036	0.012882461	0.009389476	0.039878245	0.03245981	0.137656872	0.11969295
LK3	Lesser 	none	0	0	720758826	20683603	5915190	3444154	0.004778511	6717924	2641420	19.2763007	27296	1320924	3.30E-05	0.000110652	0.000176748	0.001269697	0.003324583	0.005863978	0.000532268	0.000327549	0.001392085	0.01283584	0.009748688	0.039596623	0.033029258	0.13689516	0.120804297
LK4	Lesser 	none	3468240	0.003153985	791841234	21073396	6012032	3493607	0.004412004	6820675	2684964	20.65195327	29309	784836	3.58E-05	0.000119217	0.000190804	0.001334217	0.003319477	0.00598791	0.00057118	0.000378105	0.001520466	0.013008431	0.009537103	0.039890108	0.032673928	0.137147638	0.120808663
LK5	Lesser 	none	3468240	0.003153985	710836229	20650149	5913227	3428302	0.004822914	6705969	2635560	19.46696088	26769	1372193	3.18E-05	0.000115562	0.000179136	0.001304159	0.003296939	0.005905257	0.000534281	0.000464414	0.001532976	0.013048794	0.009666382	0.039861498	0.03291995	0.137314414	0.119358451
LK6	Lesser 	none	3607181	0.003280336	600740589	19424932	5585029	3414087	0.00568313	6460997	2538119	16.55447055	28385	2939823	3.34E-05	0.000122192	0.000189083	0.001146085	0.003769399	0.006061569	0.000510095	0.000420078	0.001440267	0.012795233	0.010094732	0.039277294	0.033962022	0.134892194	0.12423593
LK7	Lesser 	none	3602316	0.003275912	627877133	19599483	5597115	3413759	0.005436986	6470295	2540579	17.52662176	27571	2753514	3.85E-05	0.000130415	0.000207479	0.00112368	0.003741866	0.005989225	0.000566653	0.000447358	0.001580664	0.012871121	0.009709793	0.039725365	0.032716761	0.136388716	0.121655735
LK8	Lesser 	none	3597675	0.003271692	484740826	18293315	5279247	3187112	0.006574878	6076145	2390214	15.95480993	35447	4604197	2.98E-05	0.000121197	0.000180864	0.000997921	0.00375451	0.005750352	0.000534961	0.00039442	0.001464341	0.01282092	0.009656492	0.039972436	0.032732334	0.136981644	0.120597342
MadKes1	Madagascar	Madagascar	0	0	936808323	27044636	3412098	754513	0.000805408	2951889	1214722	30.09598304	122	152624	9.00E-05	2.37E-05	0.000203753	0.003476634	0.000647876	0.007601143	0.000683193	0.000349541	0.001715927	0.015284459	0.007793167	0.049197844	0.02161591	0.165062619	0.065364098
MadKes2	Madagascar	Madagascar	0	0	862063089	26632815	3395835	754335	0.000875035	2939092	1211078	24.03697535	37	580886	8.83E-05	2.44E-05	0.000201076	0.003449992	0.000662668	0.007562652	0.000687219	0.000359592	0.00173403	0.015214716	0.007847086	0.049256045	0.021671381	0.165028528	0.065597481
MadKes3	Madagascar	Madagascar	0	0	738083406	27264194	3406230	551568	0.000747298	2811306	1146492	29.41357781	16604	141879	9.75E-05	2.81E-05	0.000222973	0.003781593	0.000748468	0.008311654	0.000686257	0.000338994	0.001711508	0.015775635	0.006052288	0.051485787	0.016387479	0.171216907	0.049890034
MadKes343	Madagascar	Madagascar	0	0	957624480	24299030	3097397	698437	0.000729343	2713718	1082116	28.16872931	26	3269007	8.85E-05	1.92E-05	0.000196247	0.003518534	0.000458626	0.007495694	0.000694094	0.000540852	0.00192904	0.015702748	0.00857251	0.049821519	0.02288707	0.164860821	0.06786796
MadKes4	Madagascar	Madagascar	0	0	962923018	27101987	3413411	736648	0.000765012	2942663	1207396	32.73925934	1585	111825	9.03E-05	2.43E-05	0.000204786	0.003483479	0.000639754	0.007606713	0.000677666	0.000478353	0.001833685	0.015211611	0.007948625	0.04957327	0.021517892	0.165828885	0.064314501
MK_413	Mauritius 	early	489786503	0.445407229	991938504	31186783	66832	105555	0.000106413	123328	49059	65.79808424	0	4701	9.57E-05	9.11E-06	0.000200563	0.003894125	0.000182845	0.007971095	0.000812041	0.000205061	0.001829143	0.016905221	0.001689702	0.052233113	0.003879752	0.16757577	0.009752697
MK_421	Mauritius 	early	421323876	0.383147961	981220254	31163106	68653	118639	0.00012091	133651	53641	40.1841413	0	13473	9.55E-05	8.76E-06	0.000199864	0.003866053	0.000202456	0.007934563	0.000811835	0.000205009	0.001828678	0.016810719	0.002058288	0.052072229	0.004534794	0.167418366	0.011496892
MK_43	Mauritius 	early	317851038	0.289050738	982888660	31160444	61605	132119	0.000134419	138136	55588	55.35338518	0	9703	9.52E-05	9.24E-06	0.000199667	0.003855621	0.000215556	0.007926799	0.000795264	0.000254157	0.001844686	0.01661037	0.00223002	0.051479028	0.005263503	0.165915128	0.013740859
MK_446	Mauritius 	early	375351582	0.34134119	988879298	31168882	54608	128295	0.000129738	130833	52070	44.70647316	0	12086	9.51E-05	1.01E-05	0.000200417	0.0038653	0.000217817	0.007948417	0.000819995	0.000180399	0.001820388	0.016834492	0.002099187	0.052266465	0.004887169	0.167426528	0.012267121
MK_591782	Mauritius 	early	414436628	0.376884763	988928913	31180730	59225	117042	0.000118352	125907	50360	50.30116718	0	6874	9.61E-05	9.49E-06	0.000201741	0.0038894	0.000206547	0.007985348	0.000836957	0.000196931	0.001870846	0.016747354	0.002010339	0.051768278	0.004455567	0.166800689	0.010954296
MK_591798	Mauritius 	early	390836586	0.355423107	981833430	31168235	66557	117096	0.000119263	131423	52230	46.02949174	0	11983	9.61E-05	1.01E-05	0.000202255	0.003874295	0.000219521	0.00796811	0.000803134	0.000180295	0.001786563	0.016800249	0.001909492	0.052146334	0.004564751	0.167223943	0.011842127
MK_594332	Mauritius 	early	402253302	0.365805361	976705323	31189128	42410	116893	0.000119681	114073	45230	40.14328532	0	15440	9.54E-05	9.50E-06	0.00020023	0.003879381	0.000213431	0.007972193	0.000812348	0.000196933	0.001821628	0.01680493	0.001993944	0.051941019	0.004529454	0.167335418	0.011175935
MK_594337	Mauritius 	early	387336356	0.352240031	978259274	31163018	65780	117284	0.000119891	130544	52520	44.99279884	0	17789	9.63E-05	8.51E-06	0.000201111	0.003898538	0.000216647	0.008013722	0.000811605	0.000188555	0.001811765	0.016764975	0.001983924	0.052082095	0.004426937	0.167371014	0.011100135
MK_594338	Mauritius 	early	421561631	0.383364173	961855834	31063597	72460	110691	0.000115081	130602	52549	41.50731923	0	117123	9.67E-05	8.10E-06	0.000201467	0.003937638	0.000191499	0.008066776	0.000831899	0.000156496	0.001820293	0.016876838	0.001812057	0.052014266	0.004159494	0.167121054	0.010592295
MK_594341	Mauritius 	early	375286641	0.341282134	980181627	31153341	58393	125999	0.000128547	132159	52233	49.37937829	0	26138	9.37E-05	9.50E-06	0.000196875	0.003807516	0.000219956	0.007834989	0.000804644	0.000213477	0.001822765	0.016659414	0.002101927	0.0517189	0.004606176	0.166429926	0.011897235
MK_594342	Mauritius 	early	350427339	0.318675319	982310810	31167546	53820	131335	0.0001337	132293	52862	42.24362702	0	11170	9.56E-05	9.61E-06	0.000200739	0.003866873	0.00022537	0.007959116	0.000837191	0.000164155	0.001838537	0.016727404	0.00193703	0.051659608	0.004448603	0.166486096	0.011531895
MK_594345	Mauritius 	early	384999839	0.350115224	977724783	31176207	51586	120314	0.000123055	122882	49018	42.82701061	0	15764	9.52E-05	9.62E-06	0.000200027	0.003879064	0.000226047	0.007984175	0.000827662	0.000172088	0.001827412	0.016864636	0.001819217	0.052150897	0.004277619	0.167335215	0.010907109
MK_594350	Mauritius 	early	448242442	0.407627451	975091747	31169706	68869	106939	0.000109671	125569	50239	41.55073274	0	18357	9.61E-05	9.50E-06	0.000201663	0.003898944	0.00020524	0.008003127	0.000828385	0.000164037	0.001820806	0.016961386	0.001714183	0.052401496	0.003715429	0.168285161	0.009514124
MK_594356	Mauritius 	early	503096929	0.457511605	979141651	31193369	64391	92180	9.41437E-05	111529	45042	44.53551147	0	13931	9.68E-05	6.90E-06	0.000200404	0.003904302	0.000176863	0.007985468	0.000852365	0.000122937	0.001827667	0.01715384	0.001303134	0.052682695	0.003032451	0.169104238	0.008031898
MK_594357	Mauritius 	early	491709874	0.447156324	980846014	31161285	80304	104070	0.000106102	131801	52573	39.12108404	63	18212	9.48E-05	7.90E-06	0.000197567	0.003886134	0.000193739	0.007966007	0.000828276	0.000123011	0.001779564	0.016909956	0.001607348	0.052074791	0.003837953	0.167336395	0.010242742
MK_594358	Mauritius 	early	553998675	0.503801173	981247903	31188897	65012	95369	9.71915E-05	114536	45845	40.12351964	0	14593	9.56E-05	8.02E-06	0.000199285	0.00389685	0.00018386	0.00797756	0.000844861	0.000139443	0.001829166	0.016987454	0.00155028	0.052406009	0.003674737	0.168275047	0.009703601
MK_594369	Mauritius 	early	489400508	0.445056208	984998108	31171085	73352	108385	0.000110036	129960	51777	45.89065732	70	11049	9.65E-05	8.75E-06	0.000201817	0.003896159	0.000197995	0.007990313	0.000861069	0.000147612	0.001869749	0.016926149	0.001730338	0.052254565	0.003903511	0.168096997	0.009627567
MK_594370	Mauritius 	early	310819359	0.282656195	977139359	31152130	59809	134908	0.000138064	139417	55300	49.39333499	0	17024	9.36E-05	1.02E-05	0.000197414	0.003825931	0.000233094	0.007884957	0.000811715	0.000221377	0.001844807	0.016693451	0.002148175	0.051802171	0.005132662	0.166450756	0.013380998
MK_594371	Mauritius 	early	579259641	0.526773257	974313640	31195073	71919	81037	8.31734E-05	109555	43401	42.33020689	1	15842	9.47E-05	8.77E-06	0.000198208	0.003871298	0.000175362	0.007917957	0.000861507	0.000147687	0.0018707	0.016992193	0.001263543	0.052313966	0.002896303	0.168010207	0.007671512
MK_594373	Mauritius 	early	436305406	0.396772023	987729772	31193859	48014	116422	0.000117868	117600	46836	52.21722553	0	5576	9.47E-05	1.03E-05	0.000199847	0.003858206	0.000218575	0.007934988	0.00082059	0.000172324	0.001813504	0.0168221	0.001764269	0.052082863	0.004160393	0.167088587	0.010995909
MK_594387	Mauritius 	early	600504868	0.546093466	981731022	31192575	67906	89120	9.07784E-05	112444	44582	40.61319094	103	14270	9.64E-05	9.38E-06	0.000202178	0.003876688	0.000187984	0.007941359	0.000837012	0.00016412	0.001838145	0.016912573	0.001460669	0.052321478	0.003208547	0.167968686	0.008575274
MK_596254	Mauritius 	early	402618894	0.366137827	975848694	31173957	63978	115457	0.000118314	128119	51316	44.61794091	0	10479	9.58E-05	8.26E-06	0.00019996	0.003866097	0.000206744	0.007938938	0.000819739	0.000172145	0.001811624	0.017140749	0.001639479	0.052430527	0.003951144	0.168169522	0.010213952
MK_5A19614	Mauritius 	recent	159403809	0.144960321	892460656	30519555	19683	183126	0.000205192	145522	57287	24.67553135	0	641507	9.12E-05	1.07E-05	0.0001931	0.003757991	0.000283231	0.007799214	0.000774169	0.000278353	0.001826691	0.01635323	0.003183661	0.050781998	0.007358953	0.164810981	0.01877142
MK_5A19617	Mauritius 	recent	409029659	0.371967716	929310470	30442149	54081	113913	0.000122578	120104	47890	25.46443503	1	753728	9.26E-05	8.30E-06	0.000193547	0.003808621	0.000215286	0.007832528	0.000815707	0.000199588	0.001831001	0.016852153	0.001804968	0.052292006	0.003931012	0.167888057	0.01005749
MK_5A26613	Mauritius 	recent	178445108	0.162276299	930928720	30633422	26448	176908	0.000190034	145975	57381	24.42759792	0	527093	9.28E-05	1.08E-05	0.000196454	0.003797807	0.000271063	0.007866676	0.000805634	0.000262891	0.00187416	0.016367098	0.002866362	0.050907611	0.006674045	0.164790387	0.016799596
RK1	Rock	none	1906993	0.001734201	831489737	24805858	3482784	2723968	0.003276009	4425702	1781050	23.93309893	5484	351261	7.04E-05	4.62E-05	0.00018696	0.002932259	0.001423351	0.007287869	0.000374795	0.000849536	0.001599127	0.008262157	0.018240044	0.026127405	0.058151592	0.093274088	0.203322353
RK10	Rock	none	3453818	0.00314087	902454480	24566841	3447399	2674482	0.002963564	4367136	1754745	18.51505129	6451	675149	7.06E-05	4.93E-05	0.000190442	0.002928262	0.001405513	0.007262037	0.000290039	0.000801873	0.001381952	0.007745755	0.018639289	0.025071337	0.059193605	0.091251477	0.207813146
RK2	Rock	none	3602018	0.003275641	754667265	24421432	3439888	2674231	0.00354359	4361833	1752286	18.58610888	6521	828320	6.77E-05	5.19E-05	0.000187306	0.002897997	0.00145942	0.007255414	0.000356208	0.000822672	0.001535089	0.008124944	0.018005487	0.02626613	0.056467515	0.094598778	0.200002544
RK3	Rock	none	3477099	0.003162041	767875844	24479930	3432083	2697393	0.003512798	4373401	1756075	19.05733091	5974	754465	6.89E-05	4.80E-05	0.000185859	0.002899368	0.001493542	0.007292279	0.000305368	0.000814315	0.001425051	0.007905641	0.019000683	0.025515203	0.058367723	0.09287432	0.203553297
RK4	Rock	none	3473512	0.003158779	902638319	24847602	3468516	2698607	0.002989688	4399590	1767533	22.82523225	6232	349146	7.06E-05	4.65E-05	0.000187679	0.002956208	0.00141539	0.007327805	0.000337654	0.000683749	0.001359057	0.00789266	0.018368372	0.025898054	0.057055067	0.093538571	0.199519687
RK5	Rock	none	2205543	0.0020057	796278876	24362388	3443917	2687779	0.003375424	4373634	1758062	18.8707447	6028	869787	7.34E-05	4.76E-05	0.000194545	0.002882783	0.001463736	0.007229303	0.00031318	0.000770253	0.001396613	0.007964924	0.018181356	0.025909279	0.057650474	0.094030116	0.199182347
RK6	Rock	none	3453818	0.00314087	806230136	24620383	3447461	2705875	0.003356207	4388944	1764392	20.19759079	5653	590152	6.86E-05	4.69E-05	0.000184045	0.00287422	0.001425904	0.007174343	0.000262444	0.000778866	0.001303753	0.008059566	0.017998569	0.025998874	0.056984181	0.093226832	0.201734669
RK7	Rock	none	3477099	0.003162041	862358302	24857430	3475406	2694011	0.003124004	4400386	1769031	21.80338918	6532	337024	7.14E-05	4.81E-05	0.000191015	0.002956576	0.001380605	0.007293757	0.000388443	0.000802219	0.001579105	0.008199525	0.017927488	0.025966569	0.056957563	0.094121422	0.202615235
RK8	Rock	none	3453818	0.00314087	856177925	24665677	3454847	2694565	0.003147202	4386562	1762850	19.62813201	5960	548782	6.94E-05	5.16E-05	0.000190461	0.002928902	0.001416056	0.007273861	0.000304016	0.000785373	0.001393405	0.007938184	0.017877803	0.025739982	0.057416712	0.092935861	0.201190728
RK9	Rock	none	3602018	0.003275641	757720635	24458623	3440200	2671399	0.003525572	4360142	1751457	18.0518758	6322	793649	6.71E-05	5.05E-05	0.000184738	0.002866166	0.001456088	0.007188419	0.000323936	0.000792792	0.001440664	0.008141032	0.01813191	0.025616545	0.057345256	0.093003828	0.202306768
SK_D40625	Seychelles 	Seychelles 	26101656	0.0237366	944306362	27347833	3753754	65457	6.93175E-05	2709740	1109471	26.91768654	67	196827	9.87E-05	8.53E-06	0.000205974	0.003847393	0.000161819	0.007856604	0.001044732	0.000109151	0.002198616	0.020645161	0.001348796	0.062411071	0.003025046	0.197275119	0.007235162
SK_D40627	Seychelles 	Seychelles 	29339046	0.026680652	906642235	27334663	3744783	69238	7.63675E-05	2705752	1108269	25.12265236	134	215187	9.55291E-05	8.94E-06	0.000199994	0.003820913	0.000163494	0.00780532	0.00105576	0.000140768	0.002252287	0.020552123	0.001579729	0.062438414	0.002917025	0.19752874	0.006991476
SK_D40628	Seychelles 	Seychelles 	24055486	0.021875832	866523925	27157243	3730228	70368	8.12072E-05	2697020	1103576	27.01045282	103	406032	1.00E-04	9.13E-06	0.000210067	0.003896463	0.000171475	0.007964402	0.001062687	0.000125948	0.002251321	0.02060825	0.001353942	0.062344287	0.002959779	0.197195294	0.007470294
SK_SeyK_5965	Seychelles 	Seychelles 	27811471	0.02529149	940909731	27344900	3750747	65020	6.91033E-05	2707075	1108692	25.47583139	154	203204	9.89E-05	7.55E-06	0.000205317	0.003842652	0.000154114	0.007839417	0.001068947	0.000124841	0.002262735	0.020629899	0.001295221	0.062459281	0.002941555	0.197271454	0.007045688
SK_SeyK_5966	Seychelles 	Seychelles 	26233829	0.023856797	948160786	27464843	3758637	67799	7.15058E-05	2715500	1110936	33.20380354	68	72592	9.82E-05	9.06E-06	0.000205474	0.003830753	0.000155068	0.007816574	0.001081367	0.000108915	0.002271649	0.020600431	0.001182502	0.062400324	0.002598393	0.197501186	0.006690472
SK_SeyK_5967	Seychelles 	Seychelles 	23948484	0.021778526	923332151	27381293	3752365	69410	7.51734E-05	2711700	1110075	27.40699729	90	160803	9.90E-05	8.50E-06	0.000206576	0.003846164	0.000155557	0.007847886	0.00105971	0.00011688	0.0022363	0.020703305	0.00129347	0.062460553	0.002844075	0.197261896	0.007230962
SK_SeyK_5968	Seychelles 	Seychelles 	18547240	0.016866685	921672939	27389461	3753424	69875	7.58132E-05	2712694	1110605	27.39362052	256	151111	9.93005E-05	7.994E-06	0.000206595	0.003837746	0.000157882	0.007833374	0.001066737	0.00010901	0.002242484	0.020618396	0.00127697	0.062369091	0.002779746	0.197081656	0.007389297
