sample	species	group	population	FROH	het	high_hom	high_het	high_all	moderate_hom	moderate_het	moderate_all	low_hom	low_het	low_all	cadd_01_hom	cadd_01_het	cadd_01_total	cadd_05_hom	cadd_05_het	cadd_05_total	cadd_10_hom	cadd_10_het	cadd_10_total	cadd_25_hom	cadd_25_het	cadd_25_total	FROH_100k	het_out_roh	het_out_roh_100k	cadd_01_hom_out_roh	cadd_01_het_out_roh	cadd_05_hom_out_roh	cadd_05_het_out_roh	modifier_hom	modifier_het	modifier_all	high_hom_raw	high_het_raw	high_all_raw	moderate_hom_raw	moderate_het_raw	moderate_all_raw	low_hom_raw	low_het_raw	low_all_raw	high_hom_corr	high_het_corr	high_all_corr	moderate_hom_corr	moderate_het_corr	moderate_all_corr	low_hom_corr	low_het_corr	low_all_corr	cadd_01_hom_raw	cadd_01_het_raw	cadd_01_total_raw	cadd_05_hom_raw	cadd_05_het_raw	cadd_05_total_raw	cadd_10_hom_raw	cadd_10_het_raw	cadd_10_total_raw	cadd_25_hom_raw	cadd_25_het_raw	cadd_25_total_raw	cadd_50_hom_raw	cadd_50_het_raw	cadd_50_total_raw	cadd_neutral_hom_raw	cadd_neutral_het_raw	cadd_neutral_total_raw	cadd_01_hom_corr	cadd_01_het_corr	cadd_01_total_corr	cadd_05_hom_corr	cadd_05_het_corr	cadd_05_total_corr	cadd_10_hom_corr	cadd_10_het_corr	cadd_10_total_corr	cadd_25_hom_corr	cadd_25_het_corr	cadd_25_total_corr	cadd_50_hom_corr	cadd_50_het_corr	cadd_50_total_corr
MK_413_ds	Mauritius	early	West	0.457224404	3.36E-05	9.36E-05	1.34E-04	0.000321006	0.00438708	0.005109343	0.013883503	0.00469471	0.004935464	0.014324884	0.002972596	0.005387831	0.011333024	0.034928007	0.03678588	0.106641895	0.056479331	0.050534138	0.1634928	0.161263353	0.129679517	0.452206223	0.618334563	6.75E-05	8.80E-05	0.974226804	1	0.963544304	0.97979798	56041	37448	74765	7	10	12	328	382	519	351	369	535.5	6.26488517	8.949835957	10.73980315	293.5546194	341.8837335	464.4964861	314.1392421	330.2489468	479.2637155	16	29	30.5	188	198	287	304	272	440	868	698	1217	1418	1205	2020.5	3966	2833	5382.5	13.78620256	24.98749215	26.27994864	161.9878801	170.6042567	247.2900085	261.9378487	234.3654436	379.1205705	747.901489	601.4230868	1048.613032	1221.802202	1038.273381	1740.938892
MK_421_ds	Mauritius	early	West	0.407582817	3.31E-05	1.08E-04	1.55E-04	0.000371227	0.004392851	0.004532061	0.013317763	0.004269109	0.004795013	0.013333231	0.003255562	0.005642973	0.012154097	0.034943028	0.039934889	0.109820944	0.057080846	0.052740098	0.16690179	0.167986978	0.143027672	0.479001628	0.674459655	5.78E-05	1.02E-04	0.966480447	1	0.966804979	0.97826087	48275	32751	64650.5	7	10	12	284	293	430.5	276	310	431	7.245019601	10.350028	12.4200336	293.9407952	303.2558204	445.5687055	285.6607728	320.850868	446.0862069	15	26	28	161	184	253	263	243	384.5	774	659	1103.5	1210	1076	1748	3259	2697	4607.5	15.09852861	26.17078293	28.18392008	162.0575405	185.2086177	254.6618493	264.727535	244.5961635	387.0256168	779.0840765	663.3286904	1110.748422	1217.947975	1083.067786	1759.481868
MK_43_ds	Mauritius	early	West	0.296980503	4.34E-05	6.84E-05	1.37E-04	0.000273751	0.00399677	0.005256026	0.013249566	0.004215771	0.005379214	0.013810756	0.003019723	0.005850712	0.011890158	0.027932434	0.044163442	0.10002831	0.046050769	0.066622629	0.158724167	0.13834104	0.190053789	0.466735869	0.528086453	6.49E-05	9.20E-05	0.989304813	1	0.980412917	0.987179487	51707	42704	73059	5	10	10	292	384	484	308	393	504.5	4.579411745	9.158823489	9.158823489	267.4376459	351.698822	443.2870569	282.0917635	359.9417631	462.062645	16	31	31.5	148	234	265	244	353	420.5	733	1007	1236.5	1192	1580	1982	3275	4047	5298.5	14.00476272	27.13422778	27.57187661	129.5440552	204.8196548	231.9538826	213.5726315	308.9800776	368.0626703	641.5931923	881.424754	1082.305569	1043.354823	1382.970319	1734.839982
MK_446_ds	Mauritius	early	West	0.353544756	3.54E-05	9.21E-05	2.00E-04	0.000383662	0.004220283	0.005908397	0.014348963	0.004511867	0.006215327	0.015239061	0.003449391	0.005174086	0.012072868	0.036434192	0.04570443	0.118572814	0.06187345	0.056914951	0.180661851	0.161690202	0.153497898	0.476878302	0.646828606	5.61E-05	1.00E-04	0.957055215	1	0.967871486	0.995283019	47727	34869	65161.5	6	13	12.5	275	385	467.5	294	405	496.5	6.161317514	13.34952128	12.83607815	282.3937194	395.3512071	480.069323	301.9045582	415.8889322	509.8490243	16	24	28	169	212	275	287	264	419	750	712	1106	1237	1158	1816	3116	3045	4638.5	15.99746368	23.99619552	27.99556145	168.9732102	211.9663938	274.9564071	286.9545048	263.9581508	418.9335802	749.8811101	711.8871339	1105.824677	1236.803911	1157.816434	1815.712128
MK_591782_ds	Mauritius	early	West	0.403111742	3.41E-05	1.03E-04	1.17E-04	0.000322186	0.004408093	0.005272137	0.014088323	0.004437382	0.005975089	0.014849853	0.003909867	0.005967692	0.013787427	0.030455808	0.042596975	0.103508591	0.049387797	0.050622492	0.149398086	0.157629386	0.140137874	0.455396646	0.645199156	5.89E-05	9.61E-05	0.964705882	1	0.97880647	1	50744	35079	68283.5	7	8	11	301	360	481	303	408	507	6.859550839	7.839486673	10.77929418	294.9606861	352.7769003	471.3491362	296.9205577	399.8138203	496.8274679	19	29	33.5	148	207	251.5	240	246	363	766	681	1106.5	1243	1105	1795.5	3425	2869	4859.5	18.13304443	27.67675203	31.97142044	141.2468724	197.5547472	240.024246	229.0489823	234.7752068	346.4365857	731.0480018	649.9264872	1056.011245	1186.282854	1054.579689	1713.572699
MK_591798_ds	Mauritius	early	West	0.362200407	3.63E-05	7.85E-05	1.96E-04	0.000353288	0.004396467	0.005417076	0.01421001	0.004331044	0.00590121	0.014563298	0.002813222	0.004219833	0.009846278	0.032352055	0.039987943	0.104692053	0.057269165	0.055862554	0.170400884	0.154325329	0.156334773	0.464985431	0.645743925	5.99E-05	1.02E-04	0.988505747	1	0.971444569	0.984924623	55629	41592	76425	6	15	13.5	336	414	543	331	451	556.5	5.253263869	13.13315967	11.8198437	294.1827767	362.475207	475.4203801	289.8050568	394.8703341	487.2402238	14	21	24.5	161	199	260.5	285	278	424	768	778	1157	1313	1232	1929	3424	3105	4976.5	13.04706237	19.57059355	22.83235915	150.0412173	185.4546723	242.7685534	265.6009125	259.0773813	395.1396032	715.7245643	725.0438945	1078.246512	1223.628064	1148.141489	1797.698808
MK_594332_ds	Mauritius	early	East	0.381374722	3.61E-05	6.59E-05	1.32E-04	0.00026371	0.004074313	0.005551087	0.013699713	0.004456692	0.005841168	0.014754552	0.003004614	0.005150767	0.011159996	0.029616912	0.043352291	0.102586114	0.053653826	0.053868441	0.161176093	0.164609937	0.144650714	0.473870588	0.662063542	6.15E-05	1.07E-04	0.975903614	0.958333333	0.979314421	0.985148515	55415	40852	75841	5	10	10	309	421	519.5	338	443	559.5	4.411429737	8.822859473	8.822859473	272.6263577	371.4423838	458.3475496	298.2126502	390.8526747	493.6389875	14	24	26	138	202	239	250	251	375.5	767	674	1104	1210	1192	1806	3287	2745	4659.5	13.93469383	23.88804656	25.87871711	137.3562677	201.0577252	237.8851303	248.8338183	249.8291536	373.7483951	763.4221546	670.8559742	1098.850142	1204.355681	1186.439646	1797.575504
MK_594337_ds	Mauritius	early	East	0.373301775	3.72E-05	1.05E-04	9.20E-05	0.0003022	0.004204524	0.005492159	0.013901207	0.004822063	0.005584133	0.015228259	0.002900352	0.006007872	0.011808577	0.032111042	0.039569091	0.103791175	0.058007044	0.048891651	0.164905739	0.15537601	0.145224777	0.455976797	0.649881106	6.31E-05	1.06E-04	0.97515528	0.965517241	0.970114943	0.994764398	55380	41457	76108.5	8	7	11.5	320	418	529	367	425	579.5	7.03347968	6.15429472	10.11062704	281.3391872	367.4993133	465.0888438	322.6608803	373.653608	509.4876843	14	29	28.5	155	191	250.5	280	236	398	750	701	1100.5	1245	1155	1822.5	3381	2892	4827	13.451151	27.8630985	27.38270025	148.9234575	183.5121315	240.6795233	269.02302	226.747974	382.397007	720.5973751	673.5183466	1057.356548	1196.191643	1109.719958	1751.051621
MK_594338_ds	Mauritius	early	East	0.409331965	3.46E-05	1.22E-04	9.45E-05	0.000337626	0.004605214	0.005239951	0.014450379	0.004875315	0.005645101	0.015395731	0.003969129	0.003748622	0.01168688	0.034840132	0.035722161	0.105402426	0.054024256	0.050716648	0.15876516	0.161631753	0.140463065	0.463726571	0.68758692	6.27E-05	1.11E-04	0.96875	0.941176471	0.965686275	0.944444444	54973	38147	74046.5	9	7	12.5	341	388	535	361	418	570	8.13301151	6.325675619	11.29584932	308.1507694	350.6231629	483.4623509	326.2241283	377.7332012	515.090729	18	17	26.5	158	162	239	245	230	360	733	637	1051.5	1247	1091	1792.5	3356	2358	4535	18.40788637	17.38522602	27.10049938	161.5803359	165.6709774	244.4158246	250.5517868	235.2118814	368.1577275	749.6100396	651.4346456	1075.327362	1275.257462	1115.722446	1833.118685
MK_594341_ds	Mauritius	early	East	0.357605255	3.47E-05	1.06E-04	1.98E-04	0.000409236	0.003881137	0.00541247	0.013174744	0.004158361	0.005900912	0.014217634	0.002683063	0.004695361	0.010061487	0.029737283	0.03979877	0.099273337	0.052766909	0.052766909	0.158300727	0.152263835	0.157406372	0.461934042	0.654804838	5.56E-05	1.01E-04	0.981927711	1	0.978520286	0.988764045	53823	43856	75751	8	15	15.5	294	410	499	315	447	538.5	7.066673552	13.25001291	13.69168001	259.700253	362.1670195	440.7837628	278.2502711	394.8503847	475.6754635	12	21	22.5	133	178	222	236	236	354	681	704	1033	1084	1100	1634	3011	2923	4472.5	12.44341564	21.77597738	23.33140433	137.9145234	184.5773321	230.2031894	244.7205077	244.7205077	367.0807615	706.1638378	730.0137178	1071.170697	1124.055213	1140.646434	1694.37843
MK_594342_ds	Mauritius	early	East	0.346530587	3.68E-05	9.13E-05	1.56E-04	0.000338976	0.003976454	0.005736524	0.013689432	0.004080755	0.005801712	0.013963222	0.004273961	0.004060263	0.012608185	0.031199915	0.040816327	0.103216156	0.048295758	0.055561492	0.152153008	0.1530078	0.15514478	0.46116038	0.614718878	5.79E-05	9.55E-05	0.961538462	0.947368421	0.979487179	0.984293194	53266	46871	76701.5	7	12	13	305	440	525	313	445	535.5	6.106714206	10.46865293	11.34104067	266.0782619	383.8506073	458.0035655	273.0573638	388.212546	467.1636368	20	19	29.5	146	191	241.5	226	260	356	716	726	1079	1104	1233	1720.5	3136	3087	4679.5	19.82162499	18.83054374	29.23689685	144.6978624	189.2965186	239.3461217	223.9843623	257.6811248	352.8249247	709.6141745	719.524987	1069.376668	1094.153699	1222.00318	1705.155289
MK_594345_ds	Mauritius	early	East	0.363816725	3.75E-05	7.88E-05	1.18E-04	0.000275766	0.004097096	0.00558098	0.013775172	0.004491047	0.006093117	0.015075211	0.00376845	0.004396525	0.011933424	0.033916047	0.03852193	0.106354025	0.05715482	0.048989846	0.163299486	0.157856171	0.143410447	0.459122789	0.644005467	6.21E-05	1.05E-04	0.966850829	1	0.967945049	0.97826087	55123	42057	76151.5	6	9	10.5	312	425	524.5	342	464	574	5.272131096	7.908196644	9.226229418	274.150817	373.4426193	460.8721267	300.5114725	407.7114714	504.3672082	18	21	28.5	162	184	254	273	234	390	754	685	1096.5	1238	1242	1859	3350	2853	4776.5	17.47718302	20.39004686	27.67220645	157.2946472	178.6556487	246.6224715	265.0706092	227.2033793	378.6722988	732.0997777	665.1039095	1064.651732	1202.04181	1205.925629	1805.004624
MK_594350_ds	Mauritius	early	East	0.419731512	3.35E-05	7.91E-05	1.71E-04	0.000329418	0.004308783	0.005217976	0.013835542	0.004532787	0.005534217	0.014599791	0.003474107	0.004776897	0.011725111	0.036478124	0.038649441	0.111605689	0.059928347	0.040603626	0.16046032	0.173053957	0.129193356	0.47530127	0.694496635	6.14E-05	1.10E-04	0.954285714	0.954545455	0.958090803	1	56857	38069	75891.5	6	13	12.5	327	396	525	344	420	554	5.29019312	11.46208509	11.02123567	288.315525	349.1527459	462.891898	303.3044056	370.3135184	488.4611648	16	22	27	168	178	257	276	187	369.5	797	595	1094.5	1311	993	1807.5	3389	2433	4605.5	16.11209104	22.15412518	27.18915363	169.1769559	179.2470128	258.8004624	277.9335705	188.3100641	372.0886025	802.583535	599.1683856	1102.167728	1320.18446	999.9566503	1820.162785
MK_594356_ds	Mauritius	early	West	0.471886005	3.00E-05	1.18E-04	1.18E-04	0.000352685	0.004519597	0.004689408	0.013728602	0.004872282	0.00518578	0.014930344	0.00388707	0.004091653	0.011865794	0.040302782	0.028641571	0.109247136	0.061170213	0.034779051	0.157119477	0.185556465	0.113747954	0.484860884	0.71975019	6.19E-05	1.07E-04	0.966666667	0.95	0.955629506	0.942857143	59107	34897	76555.5	9	9	13.5	346	359	525.5	373	397	571.5	7.866463373	7.866463373	11.79969506	302.4218141	313.7844834	459.3140558	326.0212042	346.9984399	499.5204242	19	20	29	197	140	267	299	170	384	907	556	1185	1502	895	1949.5	3774	2228	4888	18.0273178	18.976124	27.5153798	186.9148214	132.832868	253.3312554	283.6930538	161.297054	364.3415808	860.5672235	527.5362472	1124.335347	1425.106912	849.1815491	1849.697687
MK_594357_ds	Mauritius	early	West	0.467567812	2.94E-05	6.65E-05	1.60E-04	0.000292551	0.004162206	0.00492018	0.013244592	0.004707416	0.004999967	0.014414799	0.003915171	0.003045133	0.010875476	0.034801523	0.032408918	0.102011963	0.054159869	0.045894508	0.154214246	0.157694399	0.136813486	0.452202284	0.718183932	5.70E-05	1.04E-04	0.981927711	0.928571429	0.961864407	0.966442953	56583	37235	75200.5	5	12	11	313	370	498	354	376	542	4.449002901	10.67760696	9.787806382	278.5075816	329.2262147	443.1206889	314.9894054	334.5650181	482.2719145	18	14	25	160	149	234.5	249	211	354.5	725	629	1039.5	1243	952	1719	3400	2395	4597.5	18.15764322	14.12261139	25.21894892	161.4012731	150.3049355	236.5537408	251.1807312	212.8479289	357.6046956	731.3495186	634.5087548	1048.603896	1253.88614	960.3375748	1734.054928
MK_594358_ds	Mauritius	early	West	0.525685553	2.71E-05	9.24E-05	1.19E-04	0.000303568	0.004223558	0.004672311	0.013119427	0.004817496	0.005121064	0.014756056	0.003690037	0.004124159	0.011504233	0.038419796	0.032125027	0.108964619	0.063598871	0.041241589	0.168439331	0.178207076	0.130019535	0.486433687	0.741679395	5.95E-05	1.05E-04	0.962162162	0.842105263	0.953908985	0.966216216	57994	35543	75765.5	7	9	11.5	320	354	497	365	388	559	6.182155991	7.948486274	10.15639913	282.6128453	312.6404601	438.9330753	322.3552767	342.6680749	493.6893141	17	19	26.5	177	148	251	293	190	388	821	599	1120.5	1361	923	1822.5	3340	2534	4607	17.1135229	19.12687854	26.67696217	178.1819737	148.988317	252.6761322	294.9566006	191.2687854	390.5909932	826.4824883	603.0000128	1127.982495	1370.08851	929.1636257	1834.670323
MK_594369_ds	Mauritius	early	West	0.45662741	3.11E-05	9.20E-05	5.26E-05	0.000236578	0.004455543	0.005165276	0.014076362	0.004692121	0.005769863	0.015154105	0.004345127	0.003517484	0.012207738	0.033312642	0.034347196	0.100972481	0.0554521	0.046554935	0.157459135	0.170080695	0.126629423	0.466790813	0.681645144	5.95E-05	9.77E-05	0.945054945	0.941176471	0.964514252	0.993975904	56534	39102	76085	7	4	9	339	393	535.5	357	439	576.5	6.156195567	3.517826038	7.915108586	298.1357567	345.6264083	470.9489609	313.9659739	386.0814077	507.0066778	21	17	29.5	161	166	244	268	225	380.5	822	612	1128	1318	1018	1827	3558	2550	4833	20.1516778	16.31326298	28.3083093	154.4961965	159.294215	234.143304	257.1737929	215.9108336	365.1292097	788.7942454	587.2774674	1082.432979	1264.757683	976.8765716	1753.195969
MK_594370_ds	Mauritius	early	West	0.277527291	4.12E-05	1.05E-04	1.45E-04	0.000354806	0.003705748	0.005440353	0.012851849	0.004231386	0.006123683	0.014586455	0.003470096	0.005103082	0.012043274	0.029802	0.04715248	0.106756481	0.052867932	0.064094713	0.169830577	0.147989386	0.179016126	0.474994898	0.582394153	5.92E-05	9.87E-05	0.978723404	0.92	0.984606613	0.987012987	53192	45812	76098	8	11	13.5	282	414	489	322	466	555	7.034450159	9.672368969	11.87063464	247.9643681	364.0327958	429.980766	283.1366189	409.7567218	488.0149798	17	25	29.5	146	231	261.5	259	314	416	725	877	1163.5	1153	1461	1883.5	3119	3560	4899	16.09348847	23.6668948	27.92693587	138.2146657	218.682108	247.5557197	245.1890302	297.2561987	393.8171295	686.3399493	830.2346697	1101.457284	1091.517188	1383.093332	1783.063855
MK_594371_ds	Mauritius	early	West	0.529796686	2.60E-05	9.24E-05	9.24E-05	0.000277239	0.004607443	0.004250993	0.013465879	0.004699856	0.004607443	0.014007155	0.003135124	0.003971157	0.010241405	0.034277354	0.026753057	0.095307765	0.054760163	0.033232313	0.142752639	0.168669662	0.108475285	0.445814609	0.755970662	6.21E-05	1.07E-04	0.958083832	1	0.964306275	0.984375	60331	30832	75747	7	7	10.5	349	322	510	356	349	530.5	6.183665884	6.183665884	9.275498826	308.2999134	284.4486307	450.5242287	314.4835792	308.2999134	468.6335359	15	19	24.5	164	128	228	262	159	341.5	807	519	1066.5	1359	823	1770.5	3734	2101	4784.5	14.53996668	18.41729113	23.74861225	158.9703024	124.0743823	221.0074936	253.9647514	154.1236468	331.0265748	782.2502075	503.0828472	1033.791631	1317.320981	797.7595053	1716.200734
MK_594373_ds	Mauritius	early	West	0.418085925	3.47E-05	7.82E-05	9.12E-05	0.000247552	0.004182329	0.00540706	0.013771718	0.004403823	0.005589467	0.014397113	0.003544005	0.00452845	0.01161646	0.03248671	0.035833826	0.100807246	0.055916519	0.052569403	0.164402441	0.151801536	0.152392203	0.455995275	0.613935211	6.28E-05	8.99E-05	0.985074627	0.869565217	0.972457627	0.994505495	55393	42717	76751.5	6	7	9.5	321	415	528.5	338	429	552.5	5.230916545	6.102735969	8.282284529	279.8540351	361.805061	460.7565656	294.6749653	374.0105329	481.6802318	18	23	29.5	165	182	256	284	267	417.5	771	774	1158	1365	1308	2019	3451	3256	5079	16.43626003	21.00188782	26.93720394	150.665717	166.1888514	233.7601427	259.3276583	243.8045238	381.2299202	704.0198047	706.7591814	1057.399395	1246.416386	1194.368229	1843.6005
MK_594387_ds	Mauritius	early	East	0.566631137	2.55E-05	1.18E-04	9.21E-05	0.00032885	0.004682824	0.004788056	0.014153704	0.004485514	0.005603604	0.014574632	0.003003647	0.004076378	0.010083673	0.032825574	0.027461918	0.093113066	0.057283845	0.037545591	0.152113281	0.167989702	0.112207681	0.448187085	0.753595353	6.25E-05	1.03E-04	0.969325153	1	0.962750716	0.96875	59270	33505	76022.5	9	7	12.5	356	364	538	341	426	554	7.921615795	6.161256729	11.00224416	313.3439137	320.3853499	473.5365886	300.1412207	374.956481	487.6194612	14	19	23.5	153	128	217	267	175	354.5	783	523	1044.5	1286	858	1715	3542	2238	4661	13.93020937	18.90528415	23.38285145	152.2372881	127.3619143	215.9182453	265.668993	174.1276171	352.7328016	779.0967099	520.3928215	1039.293121	1279.589232	853.7228315	1706.450648
MK_596254_ds	Mauritius	early	East	0.380756623	3.57E-05	7.84E-05	9.15E-05	0.0002484	0.004196654	0.005268697	0.013662005	0.004248949	0.005373287	0.013871185	0.003505516	0.004742757	0.011753789	0.03959171	0.035673781	0.114857202	0.057737911	0.047633777	0.163109599	0.173213733	0.144344778	0.490772244	0.652131422	6.06E-05	1.03E-04	0.976744186	1	0.954773869	0.988439306	55928	41123	76489.5	6	7	9.5	321	403	522.5	325	411	530.5	5.248834038	6.123639711	8.310653894	280.8126211	352.5466862	457.0859642	284.3118437	359.5451316	464.0844096	17	23	28.5	192	173	278.5	280	231	395.5	840	700	1190	1339	1144	1911	3580	2539	4849.5	16.25775853	21.99579095	27.25565401	183.6170375	165.4466015	266.3403383	267.7748464	220.9142483	378.2319705	803.3245392	669.437116	1138.043097	1280.537569	1094.051515	1827.563327
MK_596306	Mauritius	early	East	0.455015914	3.38E-05	1.01E-04	1.01E-04	0.000303732	0.003688169	0.00394851	0.011324848	0.003832803	0.00390512	0.011570726	0.003855519	0.003043831	0.01075487	0.033482143	0.033887987	0.100852273	0.055194805	0.048701299	0.159090909	0.161931818	0.132102273	0.455965909	0.666521191	7.18E-05	1.01E-04	0.957894737	1	0.968357883	0.982035928	52678	32924	69140	7	7	10.5	255	273	391.5	265	270	400	6.77457535	6.77457535	10.16186303	246.788102	264.2084387	378.8923214	256.4660668	261.3050492	387.1185914	19	15	26.5	165	167	248.5	272	240	392	798	651	1123.5	1302	1033	1818.5	3584	2688	4928	17.88099217	14.11657277	24.93927855	155.2823004	157.1645101	233.8645555	255.9805195	225.8651642	368.9131016	751.0016711	612.659258	1057.3313	1225.318516	972.1613111	1711.399172
MK_5A12345	Mauritius	middle	East	0.425372954	3.60E-05	1.34E-04	1.34E-04	0.000400668	0.003472454	0.00393248	0.010877388	0.003902801	0.003739566	0.011545168	0.003954626	0.002705797	0.010615048	0.033510251	0.03475908	0.101779582	0.056405453	0.055989177	0.168800083	0.160266417	0.144656052	0.465188886	0.668803144	7.17E-05	1.09E-04	0.967213115	0.846153846	0.969529086	0.934131737	50308	34159	67387.5	9	9	13.5	234	265	366.5	263	252	389	8.936687617	8.936687617	13.40503142	232.353878	263.135802	363.9217791	261.1498715	250.2272533	386.2634981	19	13	25.5	161	167	244.5	271	269	405.5	770	695	1117.5	1254	1139	1823.5	3428	2753	4804.5	18.34062429	12.5488482	24.61504839	155.4126585	161.2044346	236.0148758	261.5952202	259.6646281	391.4275342	743.2779318	670.8807307	1078.718297	1210.481203	1099.472162	1760.217284
MK_5A12347	Mauritius	middle	East	0.416994712	3.56E-05	1.03E-04	1.63E-04	0.000369481	0.003576575	0.003990393	0.011143543	0.003694809	0.003798263	0.011187881	0.00369534	0.004516526	0.011907206	0.029562718	0.033258058	0.092383494	0.056661876	0.04968179	0.163005542	0.153151304	0.152330117	0.458632725	0.648730312	6.90E-05	1.01E-04	0.967914439	1	0.979455858	0.987654321	50612	34101	67662.5	7	11	12.5	242	270	377	250	257	378.5	6.922507145	10.87822551	12.3616199	239.3209613	267.0109899	372.8264562	247.232398	254.1549052	374.3098506	18	22	29	144	162	225	276	242	397	746	742	1117	1261	1115	1818.5	3375	2992	4871	17.13811634	20.94658664	27.61140966	137.1049307	154.2430471	214.2264543	262.7844506	230.4124531	377.9906771	710.2797107	706.4712404	1063.515331	1200.620262	1061.611096	1731.425809
MK_5A12512	Mauritius	middle	East	0.40772623	3.66E-05	1.02E-04	1.61E-04	0.000364894	0.003459198	0.003138091	0.010056487	0.003824092	0.003152686	0.01080087	0.003840712	0.003032141	0.010713564	0.032949262	0.031938549	0.097837073	0.059227815	0.039417829	0.157873459	0.157267031	0.132807762	0.447341824	0.658061129	7.16E-05	1.07E-04	0.967567568	0.933333333	0.968403548	1	52217	32592	68513	7	11	12.5	237	215	344.5	262	216	370	6.836573201	10.74318646	12.20816643	231.4668355	209.9804626	336.4570668	255.8831684	210.9571159	361.3617263	19	15	26.5	163	158	242	293	195	390.5	778	657	1106.5	1312	1071	1847.5	3741	2412	4947	17.81231644	14.06235508	24.84349398	152.8109252	148.1234735	226.872662	274.6846693	182.8106161	366.0899773	729.3674836	615.9311526	1037.33306	1229.987324	1004.052153	1732.013401
MK_5A12514	Mauritius	middle	East	0.439891271	3.48E-05	1.12E-04	1.26E-04	0.00035056	0.003491576	0.003912248	0.0108954	0.004122584	0.003645822	0.01189099	0.003276477	0.003854679	0.010407632	0.034499374	0.034884841	0.103883589	0.057820179	0.051074492	0.16671485	0.173460538	0.135684687	0.482605763	0.630463524	7.01E-05	9.42E-05	0.964285714	0.95	0.966453674	0.988950276	53733	35163	71314.5	8	9	12.5	249	279	388.5	294	260	424	7.506293786	8.44458051	11.72858404	233.6333941	261.7819958	364.524392	275.8562967	243.9545481	397.8335707	17	20	27	179	181	269.5	300	265	432.5	900	704	1252	1394	1145	1966.5	3715	2947	5188.5	15.19552857	17.87709244	24.13407479	159.9999773	161.7876866	240.8938206	268.1563866	236.8714748	386.592124	804.4691597	629.2736538	1119.105987	1246.033343	1023.463542	1757.765114
MK_5A12515	Mauritius	middle	East	0.458905293	3.20E-05	8.47E-05	1.55E-04	0.000324728	0.003896736	0.003473178	0.01126665	0.003995567	0.003275518	0.011266652	0.003094179	0.003867724	0.010056082	0.036356604	0.035002901	0.107716109	0.061303423	0.046799459	0.169406305	0.173854187	0.134210017	0.481918391	0.675459898	6.91E-05	9.86E-05	0.972677596	1	0.962092899	1	55419	30819	70828.5	6	11	11.5	276	246	399	283	232	399	5.66834948	10.39197405	10.8643365	260.7440761	232.4023287	376.9452405	267.3571505	219.1761799	376.9452405	16	20	26	188	181	278.5	317	242	438	899	694	1246	1398	1194	1995	3752	2838	5171	14.35007451	17.93759314	23.31887108	168.6133755	162.3352179	249.7809844	284.3108512	217.044877	392.8332897	806.2948116	622.4344819	1117.512053	1253.83776	1070.87431	1789.274916
MK_5A12527	Mauritius	middle	East	0.579867401	2.55E-05	1.04E-04	8.95E-05	0.000298231	0.004055948	0.002848111	0.010960007	0.004145418	0.002490233	0.010781069	0.003572554	0.005043606	0.012188715	0.035305243	0.025848482	0.096458968	0.060102974	0.040138699	0.160344647	0.177156667	0.10591573	0.460229064	0.763745745	7.88E-05	1.08E-04	0.964912281	0.833333333	0.964165733	1	54093	25938	67062	7	6	10	272	191	367.5	278	167	361.5	6.984494046	5.986709182	9.977848637	271.3974829	190.576909	366.6859374	277.3841921	166.6300722	360.6992282	17	24	29	168	123	229.5	286	191	381.5	843	504	1095	1318	850	1743	3653	2211	4758.5	16.5686666	23.39105872	28.26419596	163.7374111	119.879176	223.6769991	278.7434498	186.1538424	371.820371	821.6109377	491.2122332	1067.217054	1284.558975	828.4333298	1698.77564
MK_5A12528	Mauritius	middle	East	0.516739394	2.95E-05	7.37E-05	8.84E-05	0.00023572	0.004228236	0.002990704	0.011447176	0.004198771	0.002666588	0.01106413	0.003250051	0.004265692	0.010765793	0.035750559	0.029859842	0.101360959	0.060329068	0.046313224	0.16697136	0.16575259	0.121673776	0.453178956	0.716787771	7.42E-05	1.04E-04	0.960893855	0.952380952	0.964950712	0.986394558	53120	29514	67877	5	6	8	287	203	388.5	285	181	375.5	4.929022241	5.914826689	7.886435585	282.9258766	200.118303	382.9850281	280.9542677	178.4306051	370.1695703	16	21	26.5	176	147	249.5	297	228	411	816	599	1115.5	1321	975	1808.5	3629	2588	4923	15.07297081	19.78327419	24.9646079	165.8026789	138.4829193	235.0441386	279.7920206	214.789834	387.1869377	768.7215113	564.2943447	1050.868684	1244.462152	918.5091587	1703.716732
MK_5A12529	Mauritius	middle	East	0.377419463	3.68E-05	8.64E-05	1.01E-04	0.000273578	0.003556515	0.004218862	0.011331892	0.003714903	0.004319654	0.01174946	0.003003304	0.005005506	0.011012113	0.030633697	0.044048453	0.105315847	0.053659025	0.05806387	0.16538192	0.160977075	0.152567825	0.474521975	0.624268074	6.53E-05	9.79E-05	0.97740113	1	0.979325354	0.986363636	52193	34514	69450	6	7	9.5	247	293	393.5	258	300	408	5.780859484	6.744336065	9.153027517	237.9787154	282.2986381	379.1280345	248.5769578	289.0429742	393.0984449	15	25	27.5	153	220	263	268	290	413	804	762	1185	1296	1243	1917.5	3377	3235	4994.5	13.92861559	23.21435932	25.53579526	142.0718791	204.2863621	244.2150601	248.857932	269.2865682	383.501216	746.5737959	707.5736722	1100.360632	1203.432387	1154.217946	1780.54136
MK_5A12533	Mauritius	middle	East	0.352359913	4.21E-05	8.53E-05	1.14E-04	0.00028425	0.00349628	0.003880018	0.010872578	0.00383738	0.003880018	0.011554778	0.003140026	0.00372878	0.010008831	0.031204004	0.041409086	0.103817094	0.055931704	0.057697969	0.169561377	0.150917476	0.166421352	0.468256304	0.595581901	7.38E-05	1.04E-04	0.978947368	0.947368421	0.978144989	1	51622	37477	70360.5	6	8	10	246	273	382.5	270	273	406.5	5.706052276	7.608069702	9.510087127	233.9481433	259.6253786	363.7608326	256.7723524	259.6253786	386.5850417	16	19	25.5	159	211	264.5	285	294	432	769	848	1193	1266	1374	1953	3325	3541	5095.5	14.5626995	17.29320565	23.20930233	144.7168263	192.0455996	240.7396261	259.3980848	267.5896033	393.1928865	699.9197446	771.8230734	1085.831281	1152.273598	1250.571819	1777.559508
MK_5A19552	Mauritius	recent	East	0.541109223	2.55E-05	9.36E-05	1.25E-04	0.000311949	0.004445276	0.003727793	0.012618345	0.004991187	0.003493831	0.013476205	0.003102837	0.00376773	0.009973404	0.03679078	0.027703901	0.101285461	0.060505319	0.039228723	0.160239361	0.171985816	0.111923759	0.455895391	0.763566584	5.72E-05	1.08E-04	0.98245614	0.941176471	0.963161022	0.984	50764	26698	64113	6	8	10	285	239	404.5	320	224	432	6.262079316	8.349439088	10.43679886	297.4487675	249.4394927	422.1685139	333.9775635	233.7842945	450.8697107	14	17	22.5	166	125	228.5	273	177	361.5	776	505	1028.5	1264	792	1660	3592	1840	4512	14.39022737	17.47384752	23.12715113	170.6269816	128.4841729	234.8690681	280.6094337	181.9335889	371.5762281	797.6297455	519.0760586	1057.167775	1299.231957	814.0757196	1706.269816
MK_5A19559	Mauritius	recent	East	0.405151243	3.43E-05	9.94E-05	1.28E-04	0.000326549	0.003989579	0.004685271	0.012664429	0.004401315	0.004614282	0.013416912	0.003575685	0.00476758	0.011918951	0.029598729	0.034763607	0.093961065	0.052046087	0.050258244	0.154350418	0.160707191	0.137465236	0.458879618	0.626663179	6.03E-05	9.19E-05	0.979057592	1	0.981641469	0.971428571	52305	36257	70433.5	7	9	11.5	281	330	446	310	325	472.5	6.650161354	8.550207455	10.92526508	266.9564772	313.5076067	423.7102805	294.5071457	308.7574914	448.8858914	18	24	30	149	175	236.5	262	253	388.5	809	692	1155	1299	1098	1848	3660	2748	5034	16.58318727	22.11091636	27.63864545	137.271939	161.2254318	217.8846549	241.3775036	233.0859099	357.9204585	745.3221389	637.5314216	1064.08785	1196.753348	1011.574423	1702.540559
MK_5A19569	Mauritius	recent	East	0.4275663	3.31E-05	7.16E-05	1.15E-04	0.000257911	0.003840009	0.00373971	0.011419728	0.004656728	0.003152246	0.012465702	0.003392875	0.002993713	0.009779463	0.032531683	0.032731264	0.097794631	0.054884742	0.050294382	0.160063866	0.166650035	0.135515418	0.468815488	0.66365927	6.23E-05	9.84E-05	0.977653631	1	0.973975637	0.987804878	53450	32683	69791.5	5	8	9	268	261	398.5	325	220	435	4.793810746	7.670097193	8.628859342	256.948256	250.2369209	382.0667164	311.5976985	210.9276728	417.0615349	17	15	24.5	163	164	245	275	252	401	835	679	1174.5	1325	1238	1944	3561	2899	5010.5	15.73535575	13.88413743	22.67742447	150.8742934	151.7999026	226.7742447	254.5425195	233.2535088	371.1692739	772.8836502	628.488621	1087.127961	1226.43214	1145.904142	1799.384211
MK_5A19603	Mauritius	recent	East	0.552098241	2.56E-05	8.63E-05	1.01E-04	0.000273358	0.004632694	0.003841395	0.013106783	0.004776566	0.003697523	0.013250655	0.003269978	0.003883098	0.010423053	0.034334764	0.026568567	0.095238095	0.060698958	0.034334764	0.15573268	0.176170039	0.107500511	0.459840589	0.75874771	6.50E-05	1.06E-04	0.983146067	1	0.972928177	0.961538462	56557	25898	69506	6	7	9.5	322	267	455.5	332	257	460.5	5.776201928	6.738902249	9.145653052	309.9895034	257.0409858	438.5099963	319.6165067	247.4139826	443.3234979	16	19	25.5	168	130	233	297	168	381	862	526	1125	1439	902	1890	3815	2156	4893	15.16538633	18.00889626	24.16983446	159.2365564	123.2187639	220.8459384	281.5074837	159.2365564	361.1257619	817.0351883	498.5620755	1066.316226	1363.936933	854.9486541	1791.41126
MK_5A19607	Mauritius	recent	East	0.425395457	3.14E-05	8.16E-05	1.14E-04	0.00027735	0.004421278	0.004258131	0.013100687	0.004421278	0.003768691	0.012611247	0.004275027	0.003325021	0.011875074	0.034912718	0.040850255	0.110675692	0.063175395	0.042275264	0.168626054	0.18715117	0.121125757	0.495428097	0.728247981	5.81E-05	1.16E-04	0.955128205	0.928571429	0.973121564	0.988372093	47770	27049	61294.5	5	7	8.5	271	261	401.5	271	231	386.5	5.458356666	7.641699332	9.279206332	295.8429313	284.926218	438.3060403	295.8429313	252.176078	421.9309703	18	14	25	147	172	233	266	178	355	788	510	1043	1189	926	1652	3187	2047	4210.5	19.82656803	15.42066403	27.53690005	161.9169723	189.4538723	256.6439084	292.9926165	196.0627283	391.0239807	867.9630895	561.752761	1148.83947	1309.654966	1019.966778	1819.638355
MK_5A19608	Mauritius	recent	East	0.473005337	2.96E-05	1.06E-04	1.21E-04	0.000332796	0.004175081	0.003645632	0.011995794	0.004568386	0.003373345	0.012510117	0.004103229	0.00345535	0.011661808	0.039088651	0.035201382	0.113378685	0.06457186	0.040384408	0.169528128	0.178598423	0.122017061	0.479213907	0.730333703	6.12E-05	1.10E-04	0.95480226	0.9375	0.961801596	0.993865031	52387	27439	66106.5	7	8	11	276	241	396.5	302	223	413.5	7.085447569	8.097654364	11.13427475	279.3690756	243.9418377	401.3399944	305.6864523	225.7221154	418.54751	19	16	27	181	163	262.5	299	187	392.5	827	565	1109.5	1358	954	1835	3600	2061	4630.5	19.02980875	16.0251021	27.0423598	181.2839676	163.2557277	262.9118314	299.4690956	187.2933808	393.115786	828.297465	565.8864181	1111.240674	1360.130541	955.496713	1837.878898
MK_5A19609	Mauritius	recent	East	0.62581649	2.19E-05	1.04E-04	7.41E-05	0.000281671	0.004328844	0.004076822	0.01273451	0.004907011	0.003898924	0.013712946	0.003770818	0.003770818	0.011312454	0.036660731	0.02032052	0.093641982	0.065360846	0.031213994	0.161935686	0.183722635	0.086309836	0.453755106	0.790237447	6.46E-05	1.04E-04	0.967032967	0.888888889	0.967507003	0.979381443	55087	24735	67454.5	7	5	9.5	292	275	429.5	331	263	462.5	6.943853111	4.95989508	9.423800651	289.6578726	272.7942294	426.0549873	328.3450543	260.8904812	458.7902949	18	18	27	175	97	223.5	312	149	386.5	877	412	1083	1446	708	1800	3899	1749	4773.5	17.4881669	17.4881669	26.23225035	170.0238449	94.2417883	217.144739	303.1282263	144.7631594	375.509806	852.0623541	400.2847091	1052.204709	1404.882741	687.8678981	1748.81669
MK_5A19613	Mauritius	recent	East	0.423512898	3.25E-05	7.51E-05	1.35E-04	0.00028551	0.003937037	0.003576393	0.011450467	0.004462978	0.003831849	0.012757805	0.003513849	0.004340637	0.011368334	0.031417941	0.034725093	0.097560976	0.064696155	0.039892518	0.169284828	0.178999587	0.114096734	0.472095908	0.694169129	6.09E-05	1.06E-04	0.972375691	1	0.969089868	0.982142857	51456	30183	66547.5	5	9	9.5	262	238	381	297	255	424.5	5.027495288	9.049491518	9.552241046	263.4407531	239.3087757	383.0951409	298.6332201	256.4022597	426.8343499	17	21	27.5	152	168	236	313	193	409.5	866	552	1142	1371	1017	1879.5	3614	2448	4838	16.29640347	20.13085135	26.36182915	145.7090193	161.0468108	226.2324247	300.0455463	185.01211	392.5516013	830.1579651	529.1538069	1094.734869	1314.257009	974.9083724	1801.711196
MK_5A19614	Mauritius	recent	East	0.474252267	2.90E-05	7.53E-05	1.36E-04	0.000286179	0.004081817	0.004639113	0.012802747	0.00439812	0.004729485	0.013525725	0.003028337	0.004542505	0.010599178	0.030715985	0.039800995	0.101232966	0.060350422	0.040449924	0.161150768	0.177590309	0.120268224	0.475448842	0.728349553	6.02E-05	1.07E-04	0.982248521	1	0.974208675	0.967391304	52661	27462	66392	5	9	9.5	271	308	425	292	314	449	5.039270434	9.070686781	9.574613824	273.1284575	310.4190587	428.3379869	294.2933933	316.4661832	452.526485	14	21	24.5	142	184	234	279	187	372.5	821	556	1099	1363	940	1833	3460	2326	4623	14.0447125	21.06706875	24.57824687	142.4535125	184.58765	234.7473375	279.8910562	187.5972312	373.6896718	823.6220687	557.775725	1102.509931	1367.353081	943.0021249	1838.854144
MK_5A19615	Mauritius	recent	East	0.443750512	3.14E-05	7.09E-05	1.28E-04	0.000269379	0.003870556	0.003771311	0.011512423	0.004423493	0.003601177	0.012448163	0.001989456	0.00497364	0.008952551	0.033223913	0.040187009	0.106634835	0.058887894	0.052123744	0.169899532	0.167114294	0.150999702	0.48522829	0.658506245	5.96E-05	9.19E-05	0.994350282	1	0.970221982	0.99009901	53626	33813	70532.5	5	9	9.5	273	266	406	312	254	439	4.743447952	8.538206313	9.012551108	258.9922582	252.351431	385.1679737	295.9911522	240.9671559	416.4747302	10	25	22.5	167	202	268	296	262	427	840	759	1219.5	1348	1197	1946.5	3459	3135	5026.5	9.226628282	23.0665707	20.75991363	154.0846923	186.3778913	247.273638	273.1081971	241.737661	393.9770276	775.0367757	700.3010866	1125.187319	1243.749492	1104.427405	1795.963195
MK_5A19617	Mauritius	recent	East	0.528460395	2.77E-05	1.13E-04	1.13E-04	0.000338374	0.003770454	0.004479428	0.012020336	0.004237732	0.00433441	0.012809874	0.002009377	0.004242018	0.008260772	0.032150033	0.031480241	0.095780308	0.06229069	0.042420183	0.167001563	0.181960259	0.111185532	0.47510605	0.749488315	6.10E-05	1.11E-04	0.974193548	0.894736842	0.963453056	0.964539007	48744	26635	62061.5	7	7	10.5	234	278	373	263	269	397.5	7.547257796	7.547257796	11.32088669	252.2940463	299.7339525	402.1610226	283.5612572	290.0303353	428.5764248	9	19	18.5	144	141	214.5	279	190	374	815	498	1064	1304	841	1724.5	3502	1954	4479	9.319018163	19.67348279	19.15575956	149.1042906	145.9979512	222.1032662	288.8895631	196.7348279	387.256977	843.888867	515.6523384	1101.715036	1350.222187	870.810475	1785.627425
MK_5A19624	Mauritius	recent	East	0.583290666	2.41E-05	1.05E-04	8.99E-05	0.000299807	0.004092371	0.003387823	0.011572565	0.004542082	0.003297881	0.012382045	0.003192169	0.002340924	0.008725261	0.038944456	0.028091083	0.105979996	0.061289636	0.040859757	0.163439029	0.182166418	0.107682486	0.472015322	0.762101257	6.18E-05	1.01E-04	0.975460123	1	0.960683761	0.984848485	53621	26177	66709.5	7	6	10	273	226	386	303	220	413	7.021400846	6.018343582	10.03057264	273.834633	226.6909416	387.1801038	303.9263509	220.672598	414.2626499	15	11	20.5	183	132	249	288	192	384	856	506	1109	1393	776	1781	3700	1998	4699	14.80452662	10.85665285	20.23285305	180.6152248	130.2798343	245.7551419	284.2469111	189.4979407	378.9958815	844.8449858	499.4060313	1094.548001	1374.847039	765.8875105	1757.790794
MK_5A19933	Mauritius	recent	East	0.527559546	2.73E-05	9.95E-05	1.42E-04	0.000341231	0.004165867	0.004023687	0.012355421	0.004592406	0.004265393	0.013450205	0.003777336	0.003379722	0.010934394	0.036978131	0.031411531	0.105367793	0.05805169	0.04333996	0.15944334	0.183300199	0.112127237	0.478727635	0.707706858	6.15E-05	9.34E-05	0.973684211	1	0.96097561	0.96835443	55138	30391	70333.5	7	10	12	293	283	434.5	323	300	473	6.659616537	9.51373791	11.41648549	278.7525208	269.2387829	413.3719122	307.2937345	285.4121373	449.9998031	19	17	27.5	186	158	265	292	218	401	922	564	1204	1454	979	1943.5	3851	2358	5030	17.51839551	15.67435388	25.35557245	171.4958718	145.679289	244.3355163	269.2300784	201.0005379	369.7303473	850.1031926	520.0197404	1110.113063	1340.618267	902.6583791	1791.947456
MK_5A19951	Mauritius	recent	East	0.370923862	3.61E-05	4.41E-05	7.35E-05	0.000161771	0.004058973	0.004220743	0.012338689	0.004176624	0.003588367	0.011941615	0.003449675	0.004058442	0.010957792	0.029220779	0.036525974	0.094967532	0.05174513	0.051339286	0.154829546	0.155438312	0.140016234	0.450892858	0.640956046	6.03E-05	1.01E-04	0.978021978	1	0.975197294	0.977777778	50685	34625	67997.5	3	5	5.5	276	287	419.5	284	244	406	2.952172441	4.920287402	5.412316143	271.5998646	282.4244969	412.8121131	279.4723245	240.1100252	399.5273371	17	20	27	144	180	234	255	253	381.5	766	690	1111	1203	1218	1812	3379	3098	4928	15.99878247	18.82209702	25.40983098	135.5190985	169.3988732	220.2185351	239.981737	238.0995273	359.0315007	720.8863159	649.3623472	1045.567489	1132.149136	1146.265709	1705.28199
MK_5A19960	Mauritius	recent	East	0.630865784	2.14E-05	1.07E-04	7.68E-05	0.000291726	0.004713686	0.003239699	0.012667071	0.004744394	0.003040097	0.012528885	0.003761478	0.003318951	0.010841907	0.036065936	0.020134971	0.092266844	0.0635026	0.035402146	0.162407346	0.193384224	0.093151897	0.479920345	0.796824697	6.14E-05	1.05E-04	0.976190476	0.866666667	0.966975666	0.967032967	53359	23541	65129.5	7	5	9.5	307	211	412.5	309	198	408	7.191735538	5.136953956	9.760212516	315.4089729	216.7794569	423.7987013	317.4637545	203.4233766	419.1754428	17	15	24.5	163	91	208.5	287	160	367	874	421	1084.5	1378	708	1732	3695	1649	4519.5	17.44485009	15.39251479	25.14110749	167.2653274	93.38125639	213.9559556	294.5101163	164.1868244	376.6035285	896.8705284	432.0165817	1112.878819	1414.059025	726.526698	1777.322374
MK_5A19963	Mauritius	recent	East	0.433613745	3.23E-05	8.74E-05	1.31E-04	0.000305895	0.003932936	0.004369929	0.012235801	0.004719523	0.003554209	0.012993255	0.002412303	0.005025631	0.009850236	0.033973264	0.040607096	0.108553623	0.056689114	0.047240929	0.160619157	0.168861192	0.134284853	0.472007237	0.678301289	6.16E-05	1.00E-04	0.982352941	1	0.967795669	0.995049505	52975	31352	68651	6	9	10.5	270	300	420	324	244	446	5.848140467	8.7722107	10.23424582	263.166321	292.4070233	409.3698327	315.7995852	237.824379	434.7117747	12	25	24.5	169	202	270	282	235	399.5	840	668	1174	1335	1214	1942	3573	2803	4974.5	11.18769253	23.30769276	22.84153891	157.5600031	188.3261575	251.7230818	262.9107744	219.092312	372.4569303	783.1384768	622.7815506	1094.529252	1244.630794	1131.821561	1810.541574
MK_5A19966	Mauritius	recent	East	0.36131062	3.60E-05	7.48E-05	1.35E-04	0.000284157	0.003544482	0.004262351	0.011351315	0.004396952	0.004426863	0.013220767	0.003789075	0.004631091	0.012209241	0.033049153	0.038732765	0.10483107	0.054520577	0.053468056	0.16250921	0.158930639	0.148615935	0.466477213	0.650245728	6.00E-05	1.03E-04	0.976470588	0.954545455	0.975678733	0.972826087	50266	33197	66864.5	5	9	9.5	237	285	379.5	294	296	442	5.003660278	9.0065885	9.506954528	237.1734972	285.2086358	379.7778151	294.2152243	296.2166884	442.3235686	18	22	29	157	184	249	259	254	386	755	706	1108	1224	1325	1886.5	3244	3013	4750.5	17.57283753	21.47791254	28.3117938	153.274194	179.6334503	243.0909192	252.8536067	247.972263	376.8397382	737.0829077	689.2457388	1081.705777	1194.952952	1293.556096	1841.731
MK_5A19969	Mauritius	recent	East	0.487621565	2.91E-05	9.20E-05	1.38E-04	0.000321896	0.004031362	0.004184646	0.01224737	0.004567855	0.004399243	0.013534953	0.004064606	0.004064606	0.012193818	0.037651086	0.032516847	0.107819018	0.060113381	0.047919564	0.168146326	0.17927051	0.123863515	0.482404535	0.714233736	5.92E-05	1.02E-04	0.967914439	1	0.962878355	0.967105263	50677	29123	65238.5	6	9	10.5	263	273	399.5	298	287	441.5	6.154045405	9.231068108	10.76957946	269.7523236	280.0090659	409.7568566	305.6509218	294.3685052	452.8351744	19	19	28.5	176	152	252	281	224	393	838	579	1127.5	1260	954	1737	3466	2417	4674.5	18.85068551	18.85068551	28.27602826	174.6168763	150.8054841	250.0196183	278.7917173	222.2396607	389.9115476	831.4144451	574.4498374	1118.639364	1250.098092	946.5028408	1723.349512
MK_5A19992	Mauritius	recent	East	0.460320745	3.06E-05	8.07E-05	1.61E-04	0.000322982	0.004085719	0.005054665	0.013226103	0.004440999	0.004812428	0.013694426	0.00369174	0.004614675	0.011998154	0.031841255	0.035071527	0.098754038	0.059529303	0.047992617	0.167051223	0.171435164	0.12667282	0.469543148	0.712008982	5.80E-05	1.06E-04	0.965116279	1	0.97001224	0.973684211	47465	28916	61923	5	10	10	253	313	409.5	275	298	424	5.402955972	10.80591194	10.80591194	273.3895722	338.2250438	442.5020941	297.1625785	322.0161759	458.1706664	16	20	26	138	152	214	258	208	362	743	549	1017.5	1185	973	1671.5	3030	2608	4334	17.12142023	21.40177529	27.82230788	147.6722495	162.6534922	228.9989956	276.0829013	222.578463	387.3721328	795.0759521	587.4787318	1088.815318	1268.055186	1041.196368	1788.65337
MK_5A19996	Mauritius	recent	East	0.430921633	3.26E-05	6.99E-05	1.40E-04	0.000279593	0.003620732	0.003397057	0.010638521	0.004137979	0.003411037	0.011686995	0.002731174	0.003901678	0.009364027	0.029847835	0.042723371	0.10241904	0.057159579	0.054623488	0.168942646	0.159188451	0.152945767	0.471322669	0.630064158	5.99E-05	8.81E-05	0.983050847	0.9	0.981611682	0.99086758	53691	35683	71532.5	5	10	10	259	243	380.5	296	244	418	4.677136164	9.354272328	9.354272328	242.2756533	227.3088176	355.9300621	276.8864609	228.2442448	391.0085833	14	20	24	153	219	262.5	293	280	433	816	784	1208	1302	1312	1958	3489	3274	5126	12.66654426	18.09506323	21.71407588	138.4272337	198.1409424	237.4977049	265.0926763	253.3308852	391.7581189	738.2785798	709.3264786	1092.941819	1177.988616	1187.036148	1771.50669
MK_5A19997	Mauritius	recent	East	0.459022036	3.04E-05	1.36E-04	6.04E-05	0.000332221	0.004152761	0.003548723	0.011854245	0.004409477	0.003548723	0.012367677	0.002536462	0.003593321	0.008666244	0.035721835	0.035933207	0.107376876	0.058549989	0.043753963	0.160853941	0.181779751	0.128725428	0.49228493	0.722261131	6.10E-05	1.09E-04	0.988372093	1	0.966898955	0.994117647	52057	28328	66221	9	4	11	275	235	392.5	292	235	409.5	9.094109675	4.041826522	11.11502294	277.8755734	237.4573082	396.6042275	295.0533361	237.4573082	413.7819902	12	17	20.5	169	170	254	277	207	380.5	860	609	1164.5	1374	1017	1882.5	3518	2426	4731	11.76351225	16.66497569	20.0960001	165.6694642	166.6497569	248.9943427	271.5410745	202.9205864	373.0013677	843.0517115	596.9982469	1141.550835	1346.922153	996.9576635	1845.400985
MK_5A26603	Mauritius	recent	East	0.482061908	3.00E-05	4.48E-05	1.34E-04	0.000224039	0.003898286	0.004301557	0.012098129	0.004271685	0.004152197	0.012695567	0.003418073	0.00469985	0.011535997	0.033967101	0.034821619	0.102755821	0.057893612	0.045289468	0.161076692	0.164281137	0.129673147	0.458235421	0.697702324	6.05E-05	9.92E-05	0.964705882	0.954545455	0.970857143	0.993865031	51602	30701	66952.5	3	9	7.5	261	288	405	286	278	425	2.998250186	8.994750558	7.495625465	260.8477662	287.8320179	404.7637751	285.8331844	277.8378506	424.7521097	16	22	27	159	163	240.5	271	212	377	769	607	1072.5	1283	1032	1799	3425	2512	4681	15.85221861	21.79680058	26.7506189	157.5314224	161.494477	238.2786609	268.4969526	210.0418965	373.5179009	761.8972567	601.3935434	1062.594028	1271.149779	1022.4681	1782.383829
MK_5A26607	Mauritius	recent	East	0.527162149	2.66E-05	1.06E-04	1.36E-04	0.000348142	0.004207977	0.003859835	0.012275789	0.004359343	0.003617649	0.012336335	0.003690437	0.004341691	0.011722566	0.030391838	0.030608922	0.091392597	0.057310322	0.042331488	0.156952132	0.16064257	0.125909042	0.447194182	0.733544129	5.89E-05	9.98E-05	0.973684211	0.9	0.980082015	0.978723404	52138	27854	66065	7	9	11.5	278	255	405.5	288	239	407.5	7.089898429	9.115583694	11.64769028	281.5702519	258.2748713	410.7076876	291.6986782	242.0693892	412.7333728	17	20	27	140	141	210.5	264	195	361.5	740	580	1030	1247	914	1704	3389	2435	4606.5	17.11538044	20.13574169	27.18325129	140.9501919	141.9569789	211.9286813	265.7917904	196.3234815	363.9535311	745.0224427	583.9365092	1036.990697	1255.463495	920.2033955	1715.565192
MK_5A26610	Mauritius	recent	East	0.510054612	2.77E-05	1.05E-04	1.05E-04	0.000314633	0.00435991	0.004270015	0.012989835	0.004255032	0.004225067	0.012735131	0.003171247	0.00359408	0.009936575	0.038054968	0.031289641	0.107399577	0.060042283	0.037843552	0.157928118	0.181818182	0.113319239	0.476955603	0.742337029	6.20E-05	1.08E-04	0.977142857	0.941176471	0.962146893	0.972972973	53445	26599	66744.5	7	7	10.5	291	285	433.5	284	282	425	7.017718909	7.017718909	10.52657836	291.7366003	285.7214127	434.5973067	284.7188814	282.7138189	426.0757909	15	17	23.5	180	148	254	284	179	373.5	860	536	1128	1372	860	1802	3702	2056	4730	14.70749907	16.66849894	23.04174854	176.4899888	145.1139908	249.0469842	278.4619823	175.5094889	366.2167268	843.2299465	525.5479667	1106.00393	1345.245915	843.2299465	1766.860888
MK_5A26612	Mauritius	recent	East	0.406247217	3.30E-05	8.91E-05	1.19E-04	0.000297153	0.004011559	0.003892698	0.011915816	0.004368142	0.003654976	0.01239126	0.003332639	0.004165799	0.010831077	0.03457613	0.032076651	0.101228911	0.054363674	0.051031035	0.159758383	0.166631952	0.134555301	0.467819205	0.679129395	5.96E-05	1.03E-04	0.982248521	1	0.972095672	0.974025974	51907	30797	67305.5	6	8	10	270	262	401	294	246	417	5.965050273	7.953400365	9.941750456	268.4272623	260.4738619	398.6641933	292.2874634	244.5670612	414.570994	16	20	26	166	154	243	261	245	383.5	800	646	1123	1304	1103	1855.5	3508	2586	4801	15.45599569	19.31999461	25.11599299	160.3559553	148.7639585	234.7379345	252.1259296	236.669934	370.4608966	772.7997844	624.0358259	1084.817697	1259.663649	1065.497703	1792.4125
MK_5A26613	Mauritius	recent	East	0.447639027	3.12E-05	6.25E-05	1.41E-04	0.000265808	0.004002752	0.004284195	0.012289699	0.004315467	0.003392958	0.012023892	0.0030871	0.003748622	0.009922822	0.033737596	0.034178611	0.101653804	0.050716648	0.055347299	0.156780595	0.166482911	0.136493936	0.469459758	0.698899896	5.83E-05	1.04E-04	0.975609756	0.882352941	0.973621103	0.987096774	48668	30576	63956	4	9	8.5	256	274	393	276	217	384.5	4.184967698	9.416177321	8.893056359	267.8379327	286.6702873	411.1730764	288.7627712	227.0344976	402.28002	14	17	22.5	153	155	230.5	230	251	355.5	755	619	1064.5	1217	1087	1760.5	3193	2684	4535	14.31724496	17.38522602	23.00985797	156.4670342	158.5123549	235.7232116	235.2118814	256.6877489	363.5557559	772.1085674	633.0267592	1088.621947	1244.577651	1111.631805	1800.393553
MK_5A26614	Mauritius	recent	East	0.398270819	3.63E-05	6.82E-05	1.77E-04	0.000313681	0.003886911	0.004268783	0.012042605	0.00421423	0.004459719	0.012888179	0.003021148	0.004720544	0.01076284	0.034176737	0.042484894	0.110838369	0.054380665	0.055891239	0.164652569	0.16597432	0.148225076	0.480173716	0.617577661	6.56E-05	9.49E-05	0.977900552	1	0.97382199	0.986666667	55210	36226	73323	5	13	11.5	285	313	441.5	309	327	472.5	4.562923539	11.8636012	10.49472414	260.0866417	285.6390135	402.9061485	281.9886747	298.4151994	431.1962744	16	25	28.5	181	225	293.5	288	296	436	879	785	1271.5	1378	1370	2063	3663	3266	5296	14.01137373	21.89277146	24.95775946	158.5036654	197.0349431	257.0211369	252.2047272	259.2104141	381.8099342	769.7498445	687.4330238	1113.466356	1206.729563	1199.723876	1806.591501
hMK_1	Mauritius	historical	NA	0.013391059	2.77E-05	2.33E-05	1.40E-04	0.000186066	0.00279099	0.004093452	0.009675432	0.003535254	0.008372969	0.015443477	0.001817081	0.007874016	0.011508177	0.01120533	0.073894609	0.09630527	0.017262265	0.11871593	0.15324046	0.070260448	0.341308298	0.481829194	0.435393604	2.77E-05	4.91E-05	0.992957746	0.454545455	0.997650744	0.652173913	22124	41743	42995.5	1	6	4	120	176	208	152	360	332	1.556289578	9.337737465	6.22515831	186.7547493	273.9069656	323.7082321	236.5560158	560.2642479	516.6881397	6	26	19	37	244	159	57	392	253	232	1127	795.5	372	1837	1290.5	918	4768	3302	8.427192076	36.51783233	26.68610824	51.96768447	342.7058111	223.32059	80.05832472	550.576549	355.3465992	325.8514269	1582.907578	1117.305216	522.4859087	2580.125307	1812.548562
hMK_10	Mauritius	historical	NA	0.092715144	4.84E-05	5.58E-05	1.95E-04	0.000306941	0.004604116	0.005971399	0.015179631	0.00560865	0.00538542	0.01660272	0.003976862	0.003976862	0.011930586	0.027838033	0.041576283	0.09725235	0.052060738	0.067968185	0.172089661	0.143167028	0.193781634	0.48011569	0.753035002	5.26E-05	1.96E-04	0.988505747	1	0.995336442	1	25430	20815	35837.5	2	7	5.5	165	214	272	201	193	297.5	3.734269887	13.0699446	10.26924219	308.0772656	399.5668779	507.8607046	375.2941236	360.3570441	555.4726456	11	11	16.5	77	115	134.5	144	188	238	396	536	664	661	886	1104	1585	2362	2766	18.44374973	18.44374973	27.6656246	129.1062481	192.8210199	225.5167581	241.4454511	315.22045	399.0556761	663.9749904	898.7136234	1113.331802	1108.301689	1485.560206	1851.081792
hMK_11	Mauritius	historical	NA	0.118114964	4.24E-05	9.25E-05	1.62E-04	0.000346729	0.00432255	0.006426037	0.015071137	0.005570773	0.005316505	0.016458051	0.00329934	0.0044991	0.01109778	0.030893821	0.045890822	0.107678464	0.045290942	0.060287942	0.150869826	0.137372525	0.188662268	0.463407318	0.647822369	4.76E-05	1.20E-04	0.994318182	1	0.993043478	1	30869	24785	43261.5	4	7	7.5	187	278	326	241	230	356	6.186881965	10.82704344	11.60040368	289.2367319	429.9882965	504.2308801	372.7596384	355.745713	550.6324949	11	15	18.5	103	153	179.5	151	201	251.5	458	629	772.5	767	1016	1275	2035	2598	3334	15.30156322	20.86576802	25.73444723	143.2782738	212.8308338	249.6936907	210.0487314	279.6012915	349.8493772	637.1014503	874.9712058	1074.587053	1066.936272	1413.308021	1773.590282
hMK_16	Mauritius	historical	NA	0.081544654	5.12E-05	6.07E-05	1.62E-04	0.0002833	0.003784085	0.006778975	0.014347145	0.00513988	0.005018465	0.015298225	0.002887139	0.004724409	0.010498688	0.027296588	0.046456693	0.101049869	0.04488189	0.069291339	0.159055119	0.141469816	0.200524934	0.483464566	0.581053648	5.50E-05	1.22E-04	1	0.961538462	0.994784876	0.995901639	34272	30291	49417.5	3	8	7	187	335	354.5	254	248	378	4.062130735	10.83234863	9.478305048	253.2061491	453.6045987	480.0084485	343.9270689	335.8028074	511.8284726	11	18	20	104	177	192.5	171	264	303	539	764	921	837	1251	1462.5	2261	3098	3810	13.38987185	21.9106994	24.34522155	126.5951521	215.4552107	234.3227574	208.1516443	321.3569245	368.8301065	656.1037209	929.9874633	1121.097453	1018.847522	1522.793608	1780.244326
hMK_2	Mauritius	historical	NA	0.059530272	6.50E-05	2.86E-05	2.29E-04	0.000285686	0.003571071	0.008427729	0.015569871	0.004542403	0.006942163	0.016026969	0.001897533	0.007590133	0.011385199	0.022770398	0.061859583	0.10740038	0.025047438	0.095256167	0.145351043	0.099051233	0.274762808	0.472865274	0.700761765	6.80E-05	2.17E-04	1	0.8	0.99833979	0.863414634	21296	27415	35003.5	1	8	5	125	295	272.5	159	243	280.5	1.911621653	15.29297322	9.558108265	238.9527066	563.9283876	520.9169004	303.9478428	464.5240617	536.2098737	5	20	15	60	163	141.5	66	251	191.5	261	724	623	409	1165	991.5	1085	3100	2635	8.800312535	35.20125014	26.4009376	105.6037504	286.8901886	249.0488447	116.1641255	441.7756893	337.0519701	459.3763143	1274.285255	1096.518942	719.8655654	2050.472821	1745.101976
hMK_20	Mauritius	historical	NA	0.028803728	3.63E-05	1.91E-05	9.56E-05	0.000133814	0.003632089	0.005333435	0.012597613	0.004129111	0.005333435	0.013591657	0.003235843	0.003733665	0.010205352	0.026384568	0.051026758	0.103795893	0.041568139	0.079402614	0.162538892	0.123957685	0.227255756	0.475171126	0.446907117	3.70E-05	6.56E-05	1	1	0.998897464	0.995098039	34733	35157	52311.5	1	5	3.5	190	279	329.5	216	279	355.5	1.279134579	6.395672895	4.476971027	243.03557	356.8785475	421.4748438	276.2930691	356.8785475	454.7323428	13	15	20.5	106	205	208.5	167	319	326.5	498	913	954.5	838	1454	1565	2146	3743	4017.5	15.00707932	17.31586076	23.6650097	122.365416	236.650097	240.6904645	192.7832498	368.2506387	376.9085691	574.8865771	1053.958725	1101.865939	967.3794209	1678.484103	1806.621472
hMK_22	Mauritius	historical	NA	0.043787959	3.28E-05	5.55E-05	9.25E-05	0.000203481	0.00371816	0.004883553	0.012319873	0.004236112	0.005364509	0.013836733	0.002394063	0.004069907	0.008858032	0.025137659	0.04883888	0.099114197	0.04045966	0.076131195	0.157050515	0.126885324	0.21067752	0.464448168	0.432436842	3.41E-05	5.78E-05	0.994382022	1	0.994425864	1	36117	35884	54059	3	5	5.5	201	264	333	229	290	374	3.713356621	6.188927702	6.807820472	248.7948936	326.7753827	412.182585	283.4528888	358.9578067	462.9317921	10	17	18.5	105	204	207	169	318	328	530	880	970	852	1408	1556	2288	3778	4177	11.10309961	18.87526933	20.54073427	116.5825459	226.503232	229.8341619	187.6423834	353.0785675	364.1816671	588.4642792	977.0727654	1077.000662	945.9840865	1563.316425	1727.642299
hMK_23	Mauritius	historical	NA	0.075010093	3.53E-05	5.44E-05	1.45E-04	0.000254054	0.003447869	0.004300763	0.011196501	0.004228176	0.00529883	0.013755182	0.002878733	0.003358522	0.009115989	0.0259086	0.049178362	0.100995562	0.043181	0.076286434	0.162648434	0.132661629	0.216624685	0.481947943	0.387194022	3.78E-05	5.76E-05	0.994444444	1	0.996201845	1	37432	35349	55106.5	3	8	7	190	237	308.5	233	292	379	3.642770736	9.714055297	8.499798385	230.7088133	287.7788882	374.5982574	282.9218605	354.5630183	460.2033697	12	14	19	108	205	210.5	180	318	339	553	903	1004.5	929	1426	1642	2320	3697	4168.5	13.35088796	15.57603596	21.13890594	120.1579917	228.0776694	234.1968263	200.2633194	353.798531	377.1625849	615.2534203	1004.654319	1117.58058	1033.581243	1586.53052	1826.846503
hMK_25	Mauritius	historical	NA	0.079867056	3.55E-05	0.00E+00	1.75E-04	0.00017469	0.003821336	0.005218853	0.012861525	0.004389078	0.006092302	0.014870458	0.002562278	0.00455516	0.009679715	0.029608541	0.039857651	0.099074733	0.044982206	0.071743772	0.161708184	0.140071174	0.211530249	0.491672597	0.614999169	3.79E-05	9.22E-05	0.992592593	1	0.996742671	0.993865031	31569	28453	45795.5	0	8	4	175	239	294.5	201	279	340.5	0	11.6890871	5.844543549	255.6987803	349.2114771	430.3045188	293.6883134	407.6569126	497.5167696	9	16	17	104	140	174	158	252	284	492	743	863.5	822	1171	1407.5	1998	3029	3512.5	11.88324053	21.12576094	22.446121	137.3174461	184.8504082	229.7426502	208.6168893	332.7307348	374.9822566	649.6171488	981.0275236	1140.130911	1085.335968	1546.141629	1858.406782
aMK_SB787	Mauritius	ancient	ancient	0.021955164	4.52E-05	2.94E-05	5.89E-05	0.000117796	0.00385782	0.004093412	0.011809053	NA	NA	NA	0.005970149	0.007055631	0.018995929	0.020624152	0.057530529	0.098778833	0.05156038	0.080868385	0.183989145	0.132971506	0.227951153	0.493894166	0.218181818	0.3614654	0.797829037	NA	NA	NA	NA	NA	NA	NA	NA	NA	NA	NA	NA	NA	NA	NA	NA	NA	NA	NA	NA	NA	NA	NA	NA	NA	NA	NA	NA	NA	NA	NA	NA	NA	NA	NA	NA	NA	NA	NA	NA	NA	NA	NA	NA	NA	NA	NA	NA	NA	NA	NA	NA	NA	NA	NA	NA	NA	NA
